20
991 827 352
20
29 560 929
139 681 102
144 853 10
84 729 80
218 20 67
140 80 901
428 20 500
520 970 128
422 419 30
413 101 192
467 448 501
32 939 684
34 20 38
251 317 132
588 437 10
648 21 79
391 25 14
499 22 24
854 77 361
405 25 20
397 405 835
20
335 775 229
103 640 993
166 43 570
560 10 113
59 73 39
358 11 741
63 342 886
116 284 622
415 788 10
126 100 45
23 606 19
719 107 160
13 328 856
111 51 451
12 32 22
755 620 357
10 685 618
434 49 261
615 10 943
66 535 921
985 848 926
20
179 356 12
44 490 297
126 181 58
55 225 110
321 99 486
115 70 171
602 187 844
391 11 188
53 76 203
29 374 307
78 959 34
182 24 828
318 296 43
244 72 530
161 730 76
751 808 296
487 54 106
857 36 588
231 12 118
291 62 35
212 742 882
20
60 808 88
705 10 132
473 456 113
599 186 220
182 932 34
31 10 719
132 843 813
383 223 950
326 68 61
909 564 74
32 175 784
305 20 62
280 193 919
746 96 441
97 209 10
315 989 764
320 37 281
773 852 44
11 920 679
371 540 596
669 872 698
20
31 186 451
121 759 10
517 497 500
222 271 26
570 347 53
81 160 859
349 182 365
270 845 83
949 430 369
58 658 421
672 117 151
102 968 223
245 365 122
10 25 193
672 34 260
34 39 65
990 163 36
13 394 10
10 166 55
10 504 114
826 133 225
20
109 598 886
630 811 280
463 241 444
101 746 10
14 847 927
45 742 961
10 720 111
800 773 320
391 13 234
594 21 99
232 112 126
304 965 351
907 46 310
189 40 168
39 80 443
234 29 846
647 40 56
307 66 548
407 93 878
848 15 186
524 829 430
20
45 392 93
140 56 30
29 42 621
249 829 584
886 53 26
691 215 765
174 160 477
65 481 367
62 239 741
48 361 10
950 657 395
82 712 883
202 21 249
973 273 110
123 277 871
11 15 67
65 192 182
730 28 717
168 952 720
55 829 760
827 994 940
20
262 846 390
19 543 52
839 400 405
23 859 592
420 513 357
562 331 218
497 141 492
748 632 524
15 722 48
80 521 176
815 533 62
508 51 171
19 291 136
674 895 157
325 10 62
209 362 439
12 50 10
88 373 711
13 58 274
287 342 443
330 906 847
20
39 716 70
142 19 752
683 311 640
846 374 773
14 818 12
586 30 36
188 887 95
242 951 355
255 112 650
286 978 64
15 73 45
32 688 37
690 481 831
187 29 61
236 860 147
393 897 150
558 717 77
471 483 682
582 108 65
102 251 953
855 390 629
20
387 456 303
689 97 355
440 293 297
33 777 143
148 769 21
729 811 907
17 954 233
761 15 172
102 38 21
22 199 198
614 916 620
42 56 55
603 32 829
139 53 968
689 168 61
14 680 22
952 147 134
307 632 625
290 57 773
10 13 152
978 383 580
20
58 445 25
462 16 364
44 639 37
22 876 239
437 128 293
540 588 21
304 22 249
310 957 587
29 589 10
99 983 763
96 49 987
119 10 62
654 53 10
151 435 15
13 300 449
399 656 102
10 158 322
215 688 112
10 116 576
207 283 517
415 542 410
20
22 585 19
99 661 543
173 46 12
10 38 73
74 598 77
46 730 935
49 950 123
523 11 17
747 751 281
691 301 34
374 48 608
968 10 924
400 484 906
11 738 36
298 270 12
238 20 136
314 818 666
345 374 77
472 301 517
101 10 129
861 695 625
20
10 77 445
958 23 124
398 967 12
23 379 811
714 78 384
59 37 16
13 569 71
113 129 32
688 20 215
158 267 96
823 123 170
353 483 10
964 560 17
75 11 154
21 356 125
10 281 16
760 157 656
13 651 599
888 314 10
474 876 659
292 264 512
20
909 302 261
705 597 823
291 51 126
28 697 57
593 31 826
311 256 57
292 14 47
29 730 716
12 529 146
768 16 439
37 472 15
350 192 34
163 468 238
69 173 10
203 72 690
424 875 213
223 593 292
151 46 10
88 90 16
773 653 711
828 683 564
20
526 612 937
85 194 532
729 56 190
29 46 518
363 18 134
60 741 529
321 353 874
90 376 71
11 391 83
52 179 772
832 292 690
524 434 459
571 38 10
32 415 58
96 352 802
47 848 436
980 73 621
174 60 10
60 339 250
64 39 423
100 100 100
3
10 10 40
10 30 10
10 60 50
382 993 459
20
917 103 568
776 500 372
18 900 13
92 367 16
803 755 414
94 321 521
746 421 216
313 321 18
628 147 561
451 65 898
747 179 336
249 37 590
397 166 431
248 550 433
42 76 10
94 56 10
353 963 11
307 821 100
29 994 478
588 35 454
459 394 656
20
42 63 382
96 248 26
81 18 126
17 232 81
683 539 847
642 336 827
449 20 400
50 57 835
23 301 69
564 917 28
647 366 151
532 768 739
812 402 741
139 237 804
55 148 357
173 84 184
284 92 851
646 18 568
318 656 760
313 12 79
197 605 392
20
291 432 777
994 340 355
166 146 272
831 109 693
226 501 21
884 12 632
90 181 105
18 977 431
46 558 526
142 272 660
439 315 284
13 269 254
92 164 320
207 902 232
137 529 535
126 815 388
74 450 917
584 405 150
10 224 589
530 282 795
100 100 100
1
100 100 100
